{
 "cells": [
  {
   "cell_type": "code",
   "execution_count": 1,
   "metadata": {},
   "outputs": [],
   "source": [
    "import numpy as np\n",
    "import pandas as pd\n",
    "import random\n",
    "from sklearn.model_selection import train_test_split\n",
    "import matplotlib.pyplot as plt\n",
    "\n",
    "from scipy.optimize import minimize\n",
    "\n",
    "from mpl_toolkits import mplot3d\n",
    " \n",
    "%matplotlib inline\n",
    "import numpy as np\n",
    "import matplotlib.pyplot as plt"
   ]
  },
  {
   "cell_type": "code",
   "execution_count": 2,
   "metadata": {},
   "outputs": [],
   "source": [
    "random.seed(1852026)"
   ]
  },
  {
   "cell_type": "code",
   "execution_count": 3,
   "metadata": {},
   "outputs": [],
   "source": [
    "df = pd.read_excel(\"dataPoints.xlsx\")\n",
    "data = df.to_numpy()#change to matrix"
   ]
  },
  {
   "cell_type": "markdown",
   "metadata": {},
   "source": [
    "You have to randomly split the data set into a training set, a validation set and a test set. Suggested\n",
    "percentages for this split are 70 %, 15% and 15%, respectively, **but feel free to experiment\n",
    "and change these numbers.**"
   ]
  },
  {
   "cell_type": "markdown",
   "metadata": {},
   "source": [
    "Define train, test and validation set"
   ]
  },
  {
   "cell_type": "code",
   "execution_count": 4,
   "metadata": {},
   "outputs": [],
   "source": [
    "data_train, data_rest = train_test_split(data, test_size=0.30)"
   ]
  },
  {
   "cell_type": "code",
   "execution_count": 5,
   "metadata": {},
   "outputs": [],
   "source": [
    "data_test, data_validate = train_test_split(data_rest, test_size=0.50)"
   ]
  },
  {
   "cell_type": "markdown",
   "metadata": {},
   "source": [
    "Create input vectors"
   ]
  },
  {
   "cell_type": "code",
   "execution_count": 6,
   "metadata": {},
   "outputs": [],
   "source": [
    "X_train = np.transpose(data_train[:,0:2])\n",
    "Y_train = np.transpose(data_train[:,2:])\n",
    "X_validate = np.transpose(data_validate[:,0:2])\n",
    "Y_validate = np.transpose(data_validate[:,2:])\n",
    "X_test = np.transpose(data_test[:,0:2])\n",
    "Y_test = np.transpose(data_test[:,2:])"
   ]
  },
  {
   "cell_type": "code",
   "execution_count": 7,
   "metadata": {},
   "outputs": [],
   "source": [
    "n = X_train.shape[0] # Size of the input vector X\n",
    "n_y = Y_train.shape[0] # Size of the input vector Y\n",
    "P = X_train.shape[1] # Size of the sample\n",
    "N = 5 # size of the hidden layer, # neurons, this is just for the moment to have some example"
   ]
  },
  {
   "cell_type": "markdown",
   "metadata": {},
   "source": [
    "# Question 1. (Full minimization)"
   ]
  },
  {
   "cell_type": "markdown",
   "metadata": {},
   "source": [
    "### MLP network"
   ]
  },
  {
   "cell_type": "code",
   "execution_count": 8,
   "metadata": {},
   "outputs": [],
   "source": [
    "def initialize_parameters(N=5,n=2, n_y=1):\n",
    "    \"\"\"\n",
    "    Argument:\n",
    "    n -- size of the input layer\n",
    "    N -- size of the hidden layer\n",
    "    p -- size of the sample\n",
    "    n_y -- size of the output layer\n",
    "    \n",
    "    Returns:\n",
    "    params -- python dictionary containing your parameters:\n",
    "                    W1 -- weight matrix of shape (N, n)\n",
    "                    b1 -- bias vector of shape (N, 1)\n",
    "                    V -- weight matrix of shape (n_y, N)\n",
    "    \"\"\"\n",
    "        \n",
    "    W1 = np.random.randn(N,n)# * 0.01\n",
    "\n",
    "    b1 = np.zeros(shape=(N, 1))\n",
    "    V = np.random.randn(n_y,N)# * 0.01\n",
    "    \n",
    "    \n",
    "    parameters = {\"W1\": W1,\n",
    "                  \"b1\": b1,\n",
    "                  \"V\": V}\n",
    "    \n",
    "    return parameters"
   ]
  },
  {
   "cell_type": "code",
   "execution_count": 9,
   "metadata": {},
   "outputs": [
    {
     "data": {
      "text/plain": [
       "{'W1': array([[-0.38573592, -1.15613982],\n",
       "        [-0.02990526,  0.35739532],\n",
       "        [ 0.67875584,  0.00505203],\n",
       "        [ 0.05834091, -1.15764416],\n",
       "        [ 2.15146316, -1.58145223]]), 'b1': array([[0.],\n",
       "        [0.],\n",
       "        [0.],\n",
       "        [0.],\n",
       "        [0.]]), 'V': array([[-0.68771881,  1.08158863, -0.82450169, -0.25255125, -2.82752072]])}"
      ]
     },
     "execution_count": 9,
     "metadata": {},
     "output_type": "execute_result"
    }
   ],
   "source": [
    "initialize_parameters()"
   ]
  },
  {
   "cell_type": "code",
   "execution_count": 10,
   "metadata": {},
   "outputs": [],
   "source": [
    "W1 = np.random.randn(N,n)# * 0.01\n",
    "b1 = np.random.randn(N,1)# * 0.01\n",
    "V = np.random.randn(n_y,N)# * 0.01"
   ]
  },
  {
   "cell_type": "code",
   "execution_count": null,
   "metadata": {},
   "outputs": [],
   "source": []
  },
  {
   "cell_type": "code",
   "execution_count": 11,
   "metadata": {},
   "outputs": [],
   "source": [
    "X=X_train\n",
    "W=W1\n",
    "V=V\n",
    "bias=b1\n",
    "true=Y_train\n",
    "\n",
    "ro=10**-5 #10-5 unti, 10-3\n",
    "sigma=1\n",
    "P=P\n",
    "\n",
    "\n",
    "\n",
    "a=pd.DataFrame(V.T)\n",
    "a[2]=W[:,0]\n",
    "a[3]=W[:,1]\n",
    "a[4]=bias\n",
    "omega=np.matrix(a)\n",
    "\n",
    "def second_norm(omega):\n",
    "    return np.linalg.norm(omega)**2   #,2)#**2\n",
    "\n",
    "def tanh(t,sigma=1):\n",
    "    return (np.exp(2*sigma*t)-1)/(np.exp(2*sigma*t)+1)\n",
    "def activation_f(W,X,bias):\n",
    "        \n",
    "    return tanh(W.dot(X)-bias,sigma)\n",
    "\n",
    "def predict(omega,X):\n",
    "    '''\n",
    " \n",
    "    '''\n",
    "  \n",
    "\n",
    "    \n",
    "    V=omega.T[:N].reshape(1,N)\n",
    "    W=omega.T[N:N+2*N].reshape(N,2)\n",
    "    \n",
    "    bias=omega.T[N+2*N:].reshape(N,1)\n",
    "    \n",
    "    \n",
    "    predicted_values=V.dot(activation_f(W,X,bias))\n",
    "    return predicted_values#, W,bias\n",
    "\n",
    "\n",
    "\n",
    "\n",
    "def reg_tr_error(omega,functionArgs):\n",
    "    '''\n",
    "    P - number of samples\n",
    "    predicted - f(x^p)\n",
    "    true - y^p\n",
    "    ro - the regularization parameter\n",
    "    omega - (v,w,b) - inp, inp, bias\n",
    "    '''  \n",
    "    X=functionArgs[0]\n",
    "    true=functionArgs[1]\n",
    "    \n",
    "    predicted=predict(omega,X)\n",
    "  \n",
    "    \n",
    "    err=predicted-true.T\n",
    "    err_all=err.dot(err.T)\n",
    "    \n",
    "     #error=(np.sum((np.sum((predicted.T-true)**2, axis=1)))/(2*P))+ro*second_norm(omega)\n",
    "###    # (np.sum((predicted.T-true)**2))/(2*P)+ro*second_norm(omega)\n",
    "\n",
    "    P=X.shape[1]\n",
    "    return ((err_all)/(2*P)+ro*second_norm(omega)).item(0)"
   ]
  },
  {
   "cell_type": "code",
   "execution_count": 12,
   "metadata": {},
   "outputs": [
    {
     "data": {
      "text/plain": [
       "6.240099666154882"
      ]
     },
     "execution_count": 12,
     "metadata": {},
     "output_type": "execute_result"
    }
   ],
   "source": [
    "reg_tr_error(omega.flatten(),[X_train,Y_train])"
   ]
  },
  {
   "cell_type": "code",
   "execution_count": 13,
   "metadata": {},
   "outputs": [
    {
     "data": {
      "text/plain": [
       "      fun: 8.27366049705492e-05\n",
       " hess_inv: array([[ 1.74145233e+03, -1.83395179e+03,  1.17319548e+03,\n",
       "        -1.34885671e+03, -4.04017189e+02, -2.50860759e+02,\n",
       "        -4.98158938e+02,  5.54271449e+02, -1.39034818e+03,\n",
       "        -3.36658549e+02, -2.27225169e+01,  3.03174734e+02,\n",
       "        -8.38516196e+02, -9.79369382e+02, -6.58027268e+02,\n",
       "         6.25379223e+02, -1.40729940e+02, -2.98517539e+02,\n",
       "        -5.91025056e+02,  1.31767186e+03],\n",
       "       [-1.83395179e+03,  2.36619171e+03, -1.93437553e+03,\n",
       "         1.13523125e+03, -2.91858273e+02, -8.24164069e-01,\n",
       "         8.87916403e+02, -4.29063675e+02,  1.54967862e+03,\n",
       "        -4.78313041e+01,  3.13779768e+02, -5.56497649e+02,\n",
       "         9.50584100e+02,  5.85574902e+02,  5.52581971e+02,\n",
       "        -4.47763165e+02, -1.18199802e+02,  6.96342262e+02,\n",
       "         9.17940095e+02, -1.48016351e+03],\n",
       "       [ 1.17319548e+03, -1.93437553e+03,  7.12892484e+03,\n",
       "         2.23106013e+03,  2.62292079e+03,  6.90328071e+02,\n",
       "        -4.96188545e+02,  5.70241684e+02, -4.68591269e+02,\n",
       "         4.54839122e+02, -1.64958893e+03,  9.65791040e+02,\n",
       "        -2.06433842e+03,  8.81049331e+02,  7.23937045e+01,\n",
       "        -1.80117663e+03,  1.91486025e+03, -2.94520662e+03,\n",
       "        -3.65539867e+03,  1.80984023e+03],\n",
       "       [-1.34885671e+03,  1.13523125e+03,  2.23106013e+03,\n",
       "         2.73597327e+03,  1.65215763e+03,  3.43602482e+02,\n",
       "         8.51828017e+02, -3.17189461e+02,  8.93881824e+02,\n",
       "         5.18213738e+02, -1.72970893e+02,  3.24681769e+02,\n",
       "        -2.93289737e+02,  1.43964110e+03,  6.20189758e+02,\n",
       "        -1.61256512e+03,  9.67821833e+02, -1.29421063e+03,\n",
       "        -1.28757773e+03, -5.78226070e+02],\n",
       "       [-4.04017189e+02, -2.91858273e+02,  2.62292079e+03,\n",
       "         1.65215763e+03,  1.88058087e+03,  7.12914864e+02,\n",
       "        -5.11687567e+02, -2.28903275e+02,  5.57610863e+02,\n",
       "         7.71134917e+02, -1.06728616e+03,  4.08242057e+02,\n",
       "        -2.90182936e+02,  1.29213647e+03,  5.38046556e+02,\n",
       "        -1.12023019e+03,  1.04093855e+03, -1.22695551e+03,\n",
       "        -1.23832201e+03,  1.08041283e+02],\n",
       "       [-2.50860759e+02, -8.24164067e-01,  6.90328071e+02,\n",
       "         3.43602482e+02,  7.12914864e+02,  1.36965179e+03,\n",
       "        -1.64231166e+03,  7.92381087e+01,  1.34136517e+03,\n",
       "         4.26695577e+02, -1.66732869e+03, -7.03000985e+02,\n",
       "         8.72385801e+02,  6.80935539e+02,  6.05998234e+02,\n",
       "        -5.32700780e+02,  6.73995244e+02, -1.75306875e+02,\n",
       "         2.63631868e+01,  9.05931848e+01],\n",
       "       [-4.98158938e+02,  8.87916403e+02, -4.96188545e+02,\n",
       "         8.51828017e+02, -5.11687567e+02, -1.64231166e+03,\n",
       "         3.44822449e+03, -2.82626750e+02, -1.49522348e+03,\n",
       "        -4.21365451e+02,  2.39373541e+03,  8.21190023e+02,\n",
       "        -2.06675972e+03, -3.24027686e+02, -6.84140325e+02,\n",
       "        -9.91588373e+01, -8.11161937e+02, -2.88515657e+02,\n",
       "        -4.36837593e+02, -8.26951973e+02],\n",
       "       [ 5.54271449e+02, -4.29063675e+02,  5.70241684e+02,\n",
       "        -3.17189461e+02, -2.28903275e+02,  7.92381087e+01,\n",
       "        -2.82626750e+02,  3.53802784e+02, -2.77026814e+02,\n",
       "        -2.25272370e+02, -2.08551434e+01, -8.14378393e+01,\n",
       "        -9.65103397e+00, -3.69359282e+02, -1.72361104e+02,\n",
       "         6.42069832e+01,  6.29278791e+01, -1.84756461e+02,\n",
       "        -2.76479437e+02,  5.55564294e+02],\n",
       "       [-1.39034818e+03,  1.54967862e+03, -4.68591269e+02,\n",
       "         8.93881824e+02,  5.57610863e+02,  1.34136517e+03,\n",
       "        -1.49522348e+03, -2.77026814e+02,  3.29046510e+03,\n",
       "         3.68522052e+02, -2.81301961e+03, -1.09392779e+03,\n",
       "         1.19005154e+03,  1.21482320e+03,  1.14907401e+03,\n",
       "        -6.82388736e+02,  7.33690618e+02,  7.15663405e+02,\n",
       "         7.36101107e+02, -1.01146793e+03],\n",
       "       [-3.36658549e+02, -4.78313041e+01,  4.54839122e+02,\n",
       "         5.18213738e+02,  7.71134917e+02,  4.26695577e+02,\n",
       "        -4.21365451e+02, -2.25272370e+02,  3.68522052e+02,\n",
       "         4.60556652e+02, -4.80370023e+02,  8.08438167e+01,\n",
       "         1.84564496e+02,  6.64629330e+02,  3.17240991e+02,\n",
       "        -3.48155085e+02,  3.24149474e+02, -2.84575774e+02,\n",
       "        -1.32339449e+02, -1.57269180e+02],\n",
       "       [-2.27225169e+01,  3.13779768e+02, -1.64958893e+03,\n",
       "        -1.72970893e+02, -1.06728616e+03, -1.66732869e+03,\n",
       "         2.39373541e+03, -2.08551434e+01, -2.81301961e+03,\n",
       "        -4.80370023e+02,  4.36351112e+03,  8.74974183e+02,\n",
       "         2.88268283e+02, -9.88660806e+02, -8.67073537e+02,\n",
       "         5.32510734e+02, -1.06705892e+03, -2.22179099e+02,\n",
       "         1.68073504e+02, -2.02599680e+00],\n",
       "       [ 3.03174734e+02, -5.56497649e+02,  9.65791040e+02,\n",
       "         3.24681769e+02,  4.08242057e+02, -7.03000985e+02,\n",
       "         8.21190023e+02, -8.14378393e+01, -1.09392779e+03,\n",
       "         8.08438167e+01,  8.74974183e+02,  8.82128219e+02,\n",
       "        -7.91427762e+02,  5.07530850e+01, -2.92720289e+02,\n",
       "        -3.89718195e+01, -2.28267703e+01, -6.04646174e+02,\n",
       "        -7.30867376e+02,  2.66346495e+02],\n",
       "       [-8.38516196e+02,  9.50584100e+02, -2.06433842e+03,\n",
       "        -2.93289737e+02, -2.90182936e+02,  8.72385801e+02,\n",
       "        -2.06675972e+03, -9.65103397e+00,  1.19005154e+03,\n",
       "         1.84564496e+02,  2.88268283e+02, -7.91427762e+02,\n",
       "         3.72682142e+03,  2.42363019e+02,  7.31446214e+02,\n",
       "         1.59681698e+02,  2.04163553e+02,  7.55457607e+02,\n",
       "         1.41039498e+03, -1.06717839e+02],\n",
       "       [-9.79369382e+02,  5.85574902e+02,  8.81049331e+02,\n",
       "         1.43964110e+03,  1.29213647e+03,  6.80935539e+02,\n",
       "        -3.24027686e+02, -3.69359282e+02,  1.21482320e+03,\n",
       "         6.64629330e+02, -9.88660806e+02,  5.07530850e+01,\n",
       "         2.42363019e+02,  1.34325171e+03,  6.83230883e+02,\n",
       "        -8.93601749e+02,  6.55598612e+02, -4.93894568e+02,\n",
       "        -3.25632506e+02, -5.55707478e+02],\n",
       "       [-6.58027268e+02,  5.52581971e+02,  7.23937045e+01,\n",
       "         6.20189758e+02,  5.38046556e+02,  6.05998234e+02,\n",
       "        -6.84140325e+02, -1.72361104e+02,  1.14907401e+03,\n",
       "         3.17240991e+02, -8.67073537e+02, -2.92720289e+02,\n",
       "         7.31446214e+02,  6.83230883e+02,  5.31354759e+02,\n",
       "        -4.22251322e+02,  4.21163356e+02,  3.17690223e+01,\n",
       "         1.48574586e+02, -3.47876065e+02],\n",
       "       [ 6.25379223e+02, -4.47763165e+02, -1.80117663e+03,\n",
       "        -1.61256512e+03, -1.12023019e+03, -5.32700780e+02,\n",
       "        -9.91588373e+01,  6.42069832e+01, -6.82388736e+02,\n",
       "        -3.48155085e+02,  5.32510734e+02, -3.89718195e+01,\n",
       "         1.59681698e+02, -8.93601749e+02, -4.22251322e+02,\n",
       "         1.07611655e+03, -7.51467175e+02,  9.27010718e+02,\n",
       "         9.24609285e+02,  1.29267601e+02],\n",
       "       [-1.40729940e+02, -1.18199802e+02,  1.91486025e+03,\n",
       "         9.67821833e+02,  1.04093855e+03,  6.73995244e+02,\n",
       "        -8.11161937e+02,  6.29278791e+01,  7.33690618e+02,\n",
       "         3.24149474e+02, -1.06705892e+03, -2.28267703e+01,\n",
       "         2.04163553e+02,  6.55598612e+02,  4.21163356e+02,\n",
       "        -7.51467175e+02,  8.53492417e+02, -7.13571260e+02,\n",
       "        -8.20364258e+02,  3.05618375e+02],\n",
       "       [-2.98517539e+02,  6.96342262e+02, -2.94520662e+03,\n",
       "        -1.29421063e+03, -1.22695551e+03, -1.75306875e+02,\n",
       "        -2.88515657e+02, -1.84756461e+02,  7.15663405e+02,\n",
       "        -2.84575774e+02, -2.22179099e+02, -6.04646174e+02,\n",
       "         7.55457607e+02, -4.93894568e+02,  3.17690223e+01,\n",
       "         9.27010718e+02, -7.13571260e+02,  1.58058465e+03,\n",
       "         1.65091955e+03, -6.88504084e+02],\n",
       "       [-5.91025056e+02,  9.17940095e+02, -3.65539867e+03,\n",
       "        -1.28757773e+03, -1.23832201e+03,  2.63631868e+01,\n",
       "        -4.36837593e+02, -2.76479437e+02,  7.36101107e+02,\n",
       "        -1.32339449e+02,  1.68073504e+02, -7.30867376e+02,\n",
       "         1.41039498e+03, -3.25632506e+02,  1.48574586e+02,\n",
       "         9.24609285e+02, -8.20364258e+02,  1.65091955e+03,\n",
       "         2.03542856e+03, -8.81585634e+02],\n",
       "       [ 1.31767186e+03, -1.48016351e+03,  1.80984023e+03,\n",
       "        -5.78226070e+02,  1.08041283e+02,  9.05931848e+01,\n",
       "        -8.26951973e+02,  5.55564294e+02, -1.01146793e+03,\n",
       "        -1.57269180e+02, -2.02599681e+00,  2.66346495e+02,\n",
       "        -1.06717839e+02, -5.55707478e+02, -3.47876065e+02,\n",
       "         1.29267601e+02,  3.05618375e+02, -6.88504084e+02,\n",
       "        -8.81585634e+02,  1.35611683e+03]])\n",
       "      jac: array([ 5.37581582e-06, -4.67337486e-07, -9.21399896e-06,  7.95834694e-06,\n",
       "        3.06195943e-06, -5.62771493e-06, -1.04088667e-06,  1.55847101e-06,\n",
       "       -4.91243918e-06,  2.07584708e-06, -5.18710476e-06, -3.88085482e-06,\n",
       "        1.19019478e-06, -2.19771391e-06, -7.58964234e-08, -5.27301745e-06,\n",
       "        3.81669452e-08,  3.48604681e-06, -8.67321160e-06,  2.13953081e-06])\n",
       "  message: 'Optimization terminated successfully.'\n",
       "     nfev: 12562\n",
       "      nit: 516\n",
       "     njev: 571\n",
       "   status: 0\n",
       "  success: True\n",
       "        x: array([ 1.12703396e+00, -6.08236795e-01, -1.32537350e+00,  1.32958963e+00,\n",
       "       -6.40736666e-03, -6.99629486e-03, -3.63167114e-02,  2.04288247e-03,\n",
       "       -4.06506573e-02, -7.48659163e-03, -1.39159253e-02, -1.21467679e-03,\n",
       "       -1.44116541e-02, -1.10829188e-01, -1.62102446e-03, -9.07431460e-01,\n",
       "        5.49483989e-01,  9.21541205e-01, -1.04869306e+00,  1.14152906e-01])"
      ]
     },
     "execution_count": 13,
     "metadata": {},
     "output_type": "execute_result"
    }
   ],
   "source": [
    "res=minimize(reg_tr_error,omega.flatten(), args=[X_train,Y_train])\n",
    "res"
   ]
  },
  {
   "cell_type": "code",
   "execution_count": 14,
   "metadata": {},
   "outputs": [
    {
     "name": "stdout",
     "output_type": "stream",
     "text": [
      "8.27366049705492e-05\n",
      "0.4754778897066497\n",
      "1.0472377423031909\n"
     ]
    }
   ],
   "source": [
    "print(reg_tr_error(res['x'].flatten(),[X_train,Y_train]))\n",
    "print(reg_tr_error(res['x'].flatten(),[X_validate,Y_validate]))\n",
    "print(reg_tr_error(res['x'].flatten(),[X_test,Y_test]))"
   ]
  },
  {
   "cell_type": "code",
   "execution_count": 15,
   "metadata": {},
   "outputs": [
    {
     "name": "stdout",
     "output_type": "stream",
     "text": [
      "1.0472377423031909\n",
      "47.12569840364359\n"
     ]
    }
   ],
   "source": [
    "print(reg_tr_error(res['x'].flatten(),[X_test,Y_test]))\n",
    "\n",
    "print(reg_tr_error(res['x'].flatten(),[X_test,Y_test])*X_test.shape[1])"
   ]
  },
  {
   "cell_type": "code",
   "execution_count": 16,
   "metadata": {},
   "outputs": [
    {
     "name": "stdout",
     "output_type": "stream",
     "text": [
      "0.4754778897066497\n",
      "21.396505036799237\n"
     ]
    }
   ],
   "source": [
    "print(reg_tr_error(res['x'].flatten(),[X_validate,Y_validate]))\n",
    "\n",
    "print(reg_tr_error(res['x'].flatten(),[X_validate,Y_validate])*X_validate.shape[1])"
   ]
  },
  {
   "cell_type": "code",
   "execution_count": 17,
   "metadata": {},
   "outputs": [],
   "source": [
    "#def plotApproximation():"
   ]
  },
  {
   "cell_type": "markdown",
   "metadata": {},
   "source": [
    "$$ E(\\omega,\\pi) = \\frac{1}{2P}\\sum_{p=1}^{P}(f(x^p)-y^p)^2+\\rho \\| \\omega\\|^2$$"
   ]
  },
  {
   "cell_type": "markdown",
   "metadata": {},
   "source": [
    "Hyperparameters:\n",
    "        \n",
    "    the number of neurons N of the hidden layer\n",
    "    the spread delta in the activation function g(t)\n",
    "    the regularization parameter rho"
   ]
  },
  {
   "cell_type": "markdown",
   "metadata": {},
   "source": [
    "## DRAFT VERSION OF THE \"\"HOMEMADE\"\" CROSS-VALIDATION METHOD"
   ]
  },
  {
   "cell_type": "code",
   "execution_count": 42,
   "metadata": {},
   "outputs": [],
   "source": [
    "# the .fit method part is sort of missing cause choosing different configuratuons is needed"
   ]
  },
  {
   "cell_type": "code",
   "execution_count": 43,
   "metadata": {},
   "outputs": [],
   "source": [
    "def rmse(true,predicted):\n",
    "    return np.sqrt(np.sum((true-predicted)**2))\n",
    "\n",
    "K=5   # SO 4 folds for training 1-validation for testing; they switch every time\n",
    "cv_data=np.concatenate((data_train,data_validate))\n",
    "np.random.shuffle(cv_data)\n",
    "indices=np.arange(0,255,51)# [  0,  51, 102, 153, 204]\n",
    "folds=[]\n",
    "\n",
    "\n",
    "\n",
    "\n",
    "X=X_train\n",
    "W=W1\n",
    "V=V\n",
    "bias=b1\n",
    "true=Y_train\n",
    "\n",
    "ro=10**-5 #10-5 unti, 10-3\n",
    "sigma=1\n",
    "P=cv_data.shape[0]\n",
    "\n",
    "\n",
    "\n",
    "val_err_dict={}\n",
    "\n",
    "\n",
    "data=cv_data.copy()\n",
    "#CHOSEN OMEGA?\n",
    "\n",
    "omega=res['x']\n",
    "for i in range(len(indices)):\n",
    "    cv_data=data\n",
    "    if i<4:\n",
    "        l=[i for i in range(indices[i],indices[i+1])]\n",
    "        #(VALIDATION fold) for testing\n",
    "        validate_cv=cv_data[indices[i]:indices[i+1],:]\n",
    "        \n",
    "        #train folds together for training\n",
    "        df=pd.DataFrame(cv_data)\n",
    "        train_cv=df.drop(df.index[l])\n",
    "        \n",
    "        \n",
    "        \n",
    "        X_train = np.transpose(np.matrix(train_cv)[:,0:2])\n",
    "        Y_train = np.transpose(np.matrix(train_cv)[:,2:])\n",
    "        X_validate = np.transpose(validate_cv[:,0:2])\n",
    "        Y_validate = np.transpose(validate_cv[:,2:])\n",
    "\n",
    "        \n",
    "        val_err_dict[i]=rmse(Y_validate,predict(omega.flatten(),X_validate))\n",
    "        \n",
    "    #    reg_tr_error(omega.flatten(),X_test)\n",
    "    else:\n",
    "        #for the last element\n",
    "        l=list([i for i in range(indices[i],255)])\n",
    "        #(VALIDATION fold) for testing\n",
    "        validate_cv=cv_data[indices[i]:,:]\n",
    "        \n",
    "        #train folds together for training\n",
    "        df=pd.DataFrame(cv_data)\n",
    "        train_cv=df.drop(df.index[l])\n",
    "        \n",
    "        val_err_dict[i]=rmse(Y_validate,predict(omega,X_validate))\n"
   ]
  },
  {
   "cell_type": "code",
   "execution_count": 44,
   "metadata": {},
   "outputs": [
    {
     "data": {
      "text/plain": [
       "16.585474857666778"
      ]
     },
     "execution_count": 44,
     "metadata": {},
     "output_type": "execute_result"
    }
   ],
   "source": [
    "#average rmse\n",
    "sum(val_err_dict.values())/len(val_err_dict)"
   ]
  },
  {
   "cell_type": "code",
   "execution_count": null,
   "metadata": {},
   "outputs": [],
   "source": []
  },
  {
   "cell_type": "code",
   "execution_count": null,
   "metadata": {},
   "outputs": [],
   "source": []
  },
  {
   "cell_type": "code",
   "execution_count": null,
   "metadata": {},
   "outputs": [],
   "source": []
  },
  {
   "cell_type": "code",
   "execution_count": null,
   "metadata": {},
   "outputs": [],
   "source": []
  },
  {
   "cell_type": "code",
   "execution_count": 46,
   "metadata": {},
   "outputs": [
    {
     "data": {
