{
 "cells": [
  {
   "cell_type": "code",
   "execution_count": 1,
   "metadata": {},
   "outputs": [],
   "source": [
    "import numpy as np\n",
    "import pandas as pd\n",
    "import random\n",
    "from sklearn.model_selection import train_test_split\n",
    "import matplotlib.pyplot as plt\n",
    "from scipy.optimize import minimize\n",
    "from mpl_toolkits import mplot3d\n",
    "%matplotlib inline\n",
    "import numpy as np"
   ]
  },
  {
   "cell_type": "code",
   "execution_count": 2,
   "metadata": {},
   "outputs": [],
   "source": [
    "random.seed(1852026)"
   ]
  },
  {
   "cell_type": "code",
   "execution_count": 3,
   "metadata": {},
   "outputs": [],
   "source": [
    "df = pd.read_excel(\"dataPoints.xlsx\")\n",
    "data = df.to_numpy()#change to matrix"
   ]
  },
  {
   "cell_type": "markdown",
   "metadata": {},
   "source": [
    "You have to randomly split the data set into a training set, a validation set and a test set. Suggested\n",
    "percentages for this split are 70 %, 15% and 15%, respectively, **but feel free to experiment\n",
    "and change these numbers.**"
   ]
  },
  {
   "cell_type": "markdown",
   "metadata": {},
   "source": [
    "Define train, test and validation set"
   ]
  },
  {
   "cell_type": "code",
   "execution_count": 4,
   "metadata": {},
   "outputs": [
    {
     "data": {
      "text/html": [
       "<div>\n",
       "<style scoped>\n",
       "    .dataframe tbody tr th:only-of-type {\n",
       "        vertical-align: middle;\n",
       "    }\n",
       "\n",
       "    .dataframe tbody tr th {\n",
       "        vertical-align: top;\n",
       "    }\n",
       "\n",
       "    .dataframe thead th {\n",
       "        text-align: right;\n",
       "    }\n",
       "</style>\n",
       "<table border=\"1\" class=\"dataframe\">\n",
       "  <thead>\n",
       "    <tr style=\"text-align: right;\">\n",
       "      <th></th>\n",
       "      <th>x1</th>\n",
       "      <th>x2</th>\n",
       "      <th>y</th>\n",
       "    </tr>\n",
       "  </thead>\n",
       "  <tbody>\n",
       "    <tr>\n",
       "      <th>0</th>\n",
       "      <td>-1.262271</td>\n",
       "      <td>0.746859</td>\n",
       "      <td>0.461002</td>\n",
       "    </tr>\n",
       "    <tr>\n",
       "      <th>1</th>\n",
       "      <td>-0.804355</td>\n",
       "      <td>0.937081</td>\n",
       "      <td>0.617336</td>\n",
       "    </tr>\n",
       "    <tr>\n",
       "      <th>2</th>\n",
       "      <td>-1.805674</td>\n",
       "      <td>0.738389</td>\n",
       "      <td>-0.053984</td>\n",
       "    </tr>\n",
       "    <tr>\n",
       "      <th>3</th>\n",
       "      <td>-0.888805</td>\n",
       "      <td>0.061711</td>\n",
       "      <td>1.943678</td>\n",
       "    </tr>\n",
       "    <tr>\n",
       "      <th>4</th>\n",
       "      <td>-1.667562</td>\n",
       "      <td>-0.534543</td>\n",
       "      <td>2.127070</td>\n",
       "    </tr>\n",
       "  </tbody>\n",
       "</table>\n",
       "</div>"
      ],
      "text/plain": [
       "         x1        x2         y\n",
       "0 -1.262271  0.746859  0.461002\n",
       "1 -0.804355  0.937081  0.617336\n",
       "2 -1.805674  0.738389 -0.053984\n",
       "3 -0.888805  0.061711  1.943678\n",
       "4 -1.667562 -0.534543  2.127070"
      ]
     },
     "execution_count": 4,
     "metadata": {},
     "output_type": "execute_result"
    }
   ],
   "source": [
    "df.head()"
   ]
  },
  {
   "cell_type": "code",
   "execution_count": null,
   "metadata": {},
   "outputs": [],
   "source": []
  },
  {
   "cell_type": "code",
   "execution_count": 5,
   "metadata": {},
   "outputs": [],
   "source": [
    "data_train, data_rest = train_test_split(data, test_size=0.30)"
   ]
  },
  {
   "cell_type": "code",
   "execution_count": 6,
   "metadata": {},
   "outputs": [],
   "source": [
    "data_test, data_validate = train_test_split(data_rest, test_size=0.50)"
   ]
  },
  {
   "cell_type": "markdown",
   "metadata": {},
   "source": [
    "Create input vectors"
   ]
  },
  {
   "cell_type": "code",
   "execution_count": 7,
   "metadata": {},
   "outputs": [],
   "source": [
    "X_train = np.transpose(data_train[:,0:2])\n",
    "Y_train = np.transpose(data_train[:,2:])\n",
    "X_validate = np.transpose(data_validate[:,0:2])\n",
    "Y_validate = np.transpose(data_validate[:,2:])\n",
    "X_test = np.transpose(data_test[:,0:2])\n",
    "Y_test = np.transpose(data_test[:,2:])\n"
   ]
  },
  {
   "cell_type": "code",
   "execution_count": 8,
   "metadata": {},
   "outputs": [],
   "source": [
    "n = X_train.shape[0] # Size of the input vector X\n",
    "n_y = Y_train.shape[0] # Size of the input vector Y\n",
    "P = X_train.shape[1] # Size of the sample\n",
    "N = 5 # size of the hidden layer, # neurons, this is just for the moment to have some example"
   ]
  },
  {
   "cell_type": "markdown",
   "metadata": {},
   "source": [
    "# Question 1. (Full minimization)"
   ]
  },
  {
   "cell_type": "markdown",
   "metadata": {},
   "source": [
    "### MLP network"
   ]
  },
  {
   "cell_type": "code",
   "execution_count": 9,
   "metadata": {},
   "outputs": [],
   "source": [
    "W = np.random.randn(N,n)# * 0.01\n",
    "bias = np.random.randn(N,1)# * 0.01\n",
    "V = np.random.randn(n_y,N)# * 0.01\n",
    "\n",
    "ro=10**-5 #10-5 unti, 10-3\n",
    "sigma=1"
   ]
  },
  {
   "cell_type": "code",
   "execution_count": 10,
   "metadata": {},
   "outputs": [
    {
     "name": "stdout",
     "output_type": "stream",
     "text": [
      "[[-0.41649178 -0.55049122 -1.43295871  0.19286255  0.7918152 ]] \n",
      "\n",
      "[[ 0.62438711  0.47098498]\n",
      " [ 0.18705431 -1.70592485]\n",
      " [ 0.35770477  0.87323732]\n",
      " [-1.07336075 -0.46097535]\n",
      " [ 0.40345994  0.08322687]] \n",
      "\n",
      "[[ 0.66567952]\n",
      " [ 0.47503684]\n",
      " [-1.9914389 ]\n",
      " [-2.35187012]\n",
      " [ 1.22282192]]\n"
     ]
    }
   ],
   "source": [
    "print(V,'\\n')\n",
    "print(W,'\\n')\n",
    "print(bias)"
   ]
  },
  {
   "cell_type": "code",
   "execution_count": 11,
   "metadata": {},
   "outputs": [
    {
     "data": {
      "text/plain": [
       "matrix([[-0.41649178,  0.62438711,  0.47098498,  0.66567952],\n",
       "        [-0.55049122,  0.18705431, -1.70592485,  0.47503684],\n",
       "        [-1.43295871,  0.35770477,  0.87323732, -1.9914389 ],\n",
       "        [ 0.19286255, -1.07336075, -0.46097535, -2.35187012],\n",
       "        [ 0.7918152 ,  0.40345994,  0.08322687,  1.22282192]])"
      ]
     },
     "execution_count": 11,
     "metadata": {},
     "output_type": "execute_result"
    }
   ],
   "source": [
    "a=pd.DataFrame(V.T)\n",
    "a[2]=W[:,0]\n",
    "a[3]=W[:,1]\n",
    "a[4]=bias\n",
    "omega=np.matrix(a)\n",
    "omega"
   ]
  },
  {
   "cell_type": "code",
   "execution_count": 12,
   "metadata": {},
   "outputs": [],
   "source": [
    "X=X_train\n",
    "true=Y_train\n",
    "\n",
    "a=pd.DataFrame(V.T)\n",
    "a[2]=W[:,0]\n",
    "a[3]=W[:,1]\n",
    "a[4]=bias\n",
    "omega=np.matrix(a)\n",
    "\n",
    "\n",
    "def second_norm(omega):\n",
    "    return np.linalg.norm(omega)**2   #,2)#**2\n",
    "\n",
    "def activation_f(t,sigma=1):\n",
    "    return (np.exp(2*sigma*t)-1)/(np.exp(2*sigma*t)+1)\n",
    "\n",
    "\n",
    "def predict(omega,X):  \n",
    "\n",
    "    \n",
    "    V=omega.T[:N].reshape(1,N)\n",
    "    W=omega.T[N:N+2*N].reshape(N,2)\n",
    "    \n",
    "    bias=omega.T[N+2*N:].reshape(N,1)\n",
    "    \n",
    "    t=W.dot(X)-bias\n",
    "\n",
    "    \n",
    "    predicted_values=V.dot(activation_f(t,sigma))\n",
    "    return predicted_values#, W,bias\n",
    "\n",
    "\n",
    "\n",
    "\n",
    "def reg_tr_error(omega,functionArgs):\n",
    "\n",
    "    X=functionArgs[0]\n",
    "    true=functionArgs[1]\n",
    "    \n",
    "    predicted=predict(omega,X)\n",
    "  \n",
    "    \n",
    "    err=np.array(predicted)-true #err_all=np.sum(np.array(predicted)-true)**2\n",
    "    err_all=err.dot(err.T)\n",
    "\n",
    "    \n",
    "    P=X.shape[1]\n",
    "    return ((err_all)/(2*P)+ro*second_norm(omega)).item(0)"
   ]
  },
  {
   "cell_type": "code",
   "execution_count": 13,
   "metadata": {},
   "outputs": [
    {
     "data": {
      "text/plain": [
       "2.264265589171158"
      ]
     },
     "execution_count": 13,
     "metadata": {},
     "output_type": "execute_result"
    }
   ],
   "source": [
    "reg_tr_error(omega.flatten(),[X_train,Y_train])"
   ]
  },
  {
   "cell_type": "code",
   "execution_count": 14,
   "metadata": {},
   "outputs": [
    {
     "data": {
      "text/plain": [
       "      fun: 0.04876396551130595\n",
       " hess_inv: array([[ 1.22122903e+03,  1.99061249e+01,  9.12235843e+02,\n",
       "         9.52511242e+02, -9.49305047e+02, -1.08382481e+00,\n",
       "         2.93661874e+02,  2.33780915e+01,  7.72907627e+00,\n",
       "        -1.89758905e+01,  7.69793644e+01,  6.62956917e+01,\n",
       "         3.14354844e+00, -3.79724061e+01, -4.19521154e+01,\n",
       "         1.02087940e+02, -1.12293415e+01, -9.77283332e+00,\n",
       "         1.57762451e+01, -7.17821742e+01],\n",
       "       [ 1.99061249e+01,  1.95998592e+02, -2.35964951e+02,\n",
       "        -1.21299014e+01,  1.98413446e+02,  9.23761363e-01,\n",
       "         9.03206511e-02, -1.84364764e+02, -7.03396770e+00,\n",
       "        -3.68762159e+00,  1.36199097e+01,  1.79499229e+01,\n",
       "         8.28609360e-01, -1.32523559e+01,  1.23751093e+00,\n",
       "        -3.67974829e-01, -1.02999498e+02,  7.44852399e-01,\n",
       "         4.38278643e+01,  9.12805245e+00],\n",
       "       [ 9.12235843e+02, -2.35964951e+02,  5.20775241e+03,\n",
       "         3.01881250e+02, -5.72437964e+03,  2.09489653e+01,\n",
       "         3.28965877e+02,  2.45967107e+02,  1.63104656e+01,\n",
       "        -4.16675788e+01, -1.57467002e+02,  7.67558345e+00,\n",
       "         7.02013383e+00,  5.48878879e+01,  1.69471897e+00,\n",
       "         1.06648816e+02,  1.12908931e+02, -4.46523593e+01,\n",
       "        -7.62325638e+01, -9.09935416e+01],\n",
       "       [ 9.52511242e+02, -1.21299014e+01,  3.01881250e+02,\n",
       "         1.11222282e+03,  3.17221277e+02, -3.09753537e+00,\n",
       "         2.09800923e+02,  5.73569508e+01,  9.62897693e+00,\n",
       "        -2.69247876e+01,  9.42378448e+01,  7.57894564e+01,\n",
       "         8.95767897e-01, -6.20118849e+01,  1.20659582e+01,\n",
       "         8.33969124e+01, -6.82640139e+00, -1.86622140e+01,\n",
       "         2.80236620e+01, -7.06571025e+00],\n",
       "       [-9.49305047e+02,  1.98413446e+02, -5.72437964e+03,\n",
       "         3.17221277e+02,  7.67057909e+03, -2.91812978e+01,\n",
       "        -4.22481146e+02, -1.51354631e+02,  6.37140528e+00,\n",
       "         1.20083767e+01,  2.24957033e+02,  2.42781936e+01,\n",
       "        -1.08715630e+01, -1.17591090e+02,  1.12326748e+02,\n",
       "        -1.18539496e+02, -7.28735414e+01,  1.19006321e+01,\n",
       "         1.17474828e+02,  1.95664612e+02],\n",
       "       [-1.08382481e+00,  9.23761363e-01,  2.09489653e+01,\n",
       "        -3.09753537e+00, -2.91812978e+01,  1.96770446e+00,\n",
       "         1.24013687e+00, -2.74228221e-02, -2.41029306e-01,\n",
       "        -7.15613833e-01, -1.75265292e+00, -7.08475355e-02,\n",
       "         2.45954512e-01,  9.88084037e-02, -6.65431570e-01,\n",
       "        -3.65744702e-01, -4.47207676e-02,  9.38872702e-01,\n",
       "         3.87773056e-01,  6.34058574e-01],\n",
       "       [ 2.93661874e+02,  9.03206510e-02,  3.28965877e+02,\n",
       "         2.09800923e+02, -4.22481146e+02,  1.24013687e+00,\n",
       "         1.08408413e+02,  4.00841094e+00,  3.32045772e+00,\n",
       "        -2.52709286e+00,  3.75428775e+00,  1.48487512e+01,\n",
       "         1.11884344e+00, -4.02647030e+00, -1.79635183e+01,\n",
       "         4.08238457e+01, -3.33178835e+00, -4.38525458e+00,\n",
       "        -1.39541848e+00, -2.41690139e+01],\n",
       "       [ 2.33780915e+01, -1.84364764e+02,  2.45967107e+02,\n",
       "         5.73569508e+01, -1.51354631e+02, -2.74228221e-02,\n",
       "         4.00841094e+00,  2.24762640e+02,  1.03629432e+01,\n",
       "         6.51554931e-01, -7.51832264e+00, -1.45995206e+01,\n",
       "        -1.17574276e+00,  8.52402440e+00,  2.86219337e+00,\n",
       "         2.28308030e+00,  1.24759752e+02, -2.70681073e+00,\n",
       "        -3.58898535e+01, -5.77536443e+00],\n",
       "       [ 7.72907627e+00, -7.03396770e+00,  1.63104656e+01,\n",
       "         9.62897693e+00,  6.37140528e+00, -2.41029306e-01,\n",
       "         3.32045772e+00,  1.03629432e+01,  1.05403014e+01,\n",
       "         8.94435138e-02,  4.27379951e-01, -3.78880803e-01,\n",
       "         9.83854153e-01, -1.31531903e-02,  1.45186181e+00,\n",
       "         1.75742536e+00,  5.62902357e+00, -1.11708918e+00,\n",
       "        -1.36156677e+00,  3.58568895e-02],\n",
       "       [-1.89758905e+01, -3.68762159e+00, -4.16675788e+01,\n",
       "        -2.69247876e+01,  1.20083767e+01, -7.15613833e-01,\n",
       "        -2.52709286e+00,  6.51554931e-01,  8.94435138e-02,\n",
       "         2.00252502e+00, -1.30357352e+00, -1.99610402e+00,\n",
       "        -1.63816437e-01,  2.19679755e+00, -2.79699009e+00,\n",
       "        -6.95395194e-01,  1.25672134e+00,  7.72143486e-01,\n",
       "        -2.43040363e+00, -2.12743702e+00],\n",
       "       [ 7.69793644e+01,  1.36199097e+01, -1.57467002e+02,\n",
       "         9.42378448e+01,  2.24957033e+02, -1.75265292e+00,\n",
       "         3.75428775e+00, -7.51832264e+00,  4.27379951e-01,\n",
       "        -1.30357352e+00,  1.92912734e+01,  7.08188658e+00,\n",
       "         1.34273251e-01, -8.36531325e+00,  1.38160346e+00,\n",
       "         1.12587789e+00, -6.04047487e+00,  4.54645219e-01,\n",
       "         7.11187958e+00,  7.08224543e-01],\n",
       "       [ 6.62956917e+01,  1.79499229e+01,  7.67558345e+00,\n",
       "         7.57894564e+01,  2.42781936e+01, -7.08475355e-02,\n",
       "         1.48487512e+01, -1.45995206e+01, -3.78880803e-01,\n",
       "        -1.99610402e+00,  7.08188658e+00,  8.96932027e+00,\n",
       "         1.41422814e-02, -4.76913914e+00,  5.04582925e-01,\n",
       "         5.63406575e+00, -1.38858969e+01, -9.23763807e-01,\n",
       "         5.04149192e+00,  7.25865638e-02],\n",
       "       [ 3.14354844e+00,  8.28609360e-01,  7.02013383e+00,\n",
       "         8.95767897e-01, -1.08715630e+01,  2.45954512e-01,\n",
       "         1.11884344e+00, -1.17574276e+00,  9.83854153e-01,\n",
       "        -1.63816437e-01,  1.34273251e-01,  1.41422814e-02,\n",
       "         1.41386147e+00, -1.00995212e-01,  3.10437614e-01,\n",
       "         2.09797560e-01, -5.88495966e-01,  3.81031680e-01,\n",
       "         2.07905410e-01, -5.40684802e-02],\n",
       "       [-3.79724061e+01, -1.32523559e+01,  5.48878879e+01,\n",
       "        -6.20118849e+01, -1.17591090e+02,  9.88084037e-02,\n",
       "        -4.02647030e+00,  8.52402440e+00, -1.31531903e-02,\n",
       "         2.19679755e+00, -8.36531325e+00, -4.76913914e+00,\n",
       "        -1.00995212e-01,  6.01977106e+00, -3.23321623e+00,\n",
       "        -1.78923696e+00,  6.00457440e+00,  5.58409791e-01,\n",
       "        -6.24033224e+00, -3.87785101e+00],\n",
       "       [-4.19521154e+01,  1.23751093e+00,  1.69471897e+00,\n",
       "         1.20659582e+01,  1.12326748e+02, -6.65431570e-01,\n",
       "        -1.79635183e+01,  2.86219337e+00,  1.45186181e+00,\n",
       "        -2.79699009e+00,  1.38160346e+00,  5.04582925e-01,\n",
       "         3.10437614e-01, -3.23321623e+00,  1.36982617e+01,\n",
       "        -4.72008562e+00,  9.30428546e-01, -3.95259717e+00,\n",
       "         3.80795544e+00,  1.05351844e+01],\n",
       "       [ 1.02087940e+02, -3.67974829e-01,  1.06648816e+02,\n",
       "         8.33969124e+01, -1.18539496e+02, -3.65744702e-01,\n",
       "         4.08238457e+01,  2.28308030e+00,  1.75742536e+00,\n",
       "        -6.95395194e-01,  1.12587789e+00,  5.63406575e+00,\n",
       "         2.09797560e-01, -1.78923696e+00, -4.72008562e+00,\n",
       "         1.91920219e+01, -5.07486857e-01, -4.58413787e+00,\n",
       "        -3.41157458e-01, -8.39749815e+00],\n",
       "       [-1.12293415e+01, -1.02999498e+02,  1.12908931e+02,\n",
       "        -6.82640139e+00, -7.28735414e+01, -4.47207676e-02,\n",
       "        -3.33178835e+00,  1.24759752e+02,  5.62902357e+00,\n",
       "         1.25672134e+00, -6.04047487e+00, -1.38858969e+01,\n",
       "        -5.88495966e-01,  6.00457440e+00,  9.30428546e-01,\n",
       "        -5.07486857e-01,  7.86140911e+01, -1.06688009e+00,\n",
       "        -1.92588703e+01, -3.17738336e+00],\n",
       "       [-9.77283332e+00,  7.44852399e-01, -4.46523593e+01,\n",
       "        -1.86622140e+01,  1.19006321e+01,  9.38872702e-01,\n",
       "        -4.38525458e+00, -2.70681073e+00, -1.11708918e+00,\n",
       "         7.72143486e-01,  4.54645219e-01, -9.23763807e-01,\n",
       "         3.81031680e-01,  5.58409791e-01, -3.95259717e+00,\n",
       "        -4.58413787e+00, -1.06688009e+00,  4.84798699e+00,\n",
       "        -3.71746165e-01,  4.04004683e-01],\n",
       "       [ 1.57762451e+01,  4.38278643e+01, -7.62325638e+01,\n",
       "         2.80236620e+01,  1.17474828e+02,  3.87773056e-01,\n",
       "        -1.39541848e+00, -3.58898535e+01, -1.36156677e+00,\n",
       "        -2.43040363e+00,  7.11187958e+00,  5.04149192e+00,\n",
       "         2.07905410e-01, -6.24033224e+00,  3.80795544e+00,\n",
       "        -3.41157458e-01, -1.92588703e+01, -3.71746165e-01,\n",
       "         1.30036160e+01,  5.76249049e+00],\n",
       "       [-7.17821742e+01,  9.12805245e+00, -9.09935416e+01,\n",
       "        -7.06571025e+00,  1.95664612e+02,  6.34058574e-01,\n",
       "        -2.41690139e+01, -5.77536443e+00,  3.58568895e-02,\n",
       "        -2.12743702e+00,  7.08224543e-01,  7.25865638e-02,\n",
       "        -5.40684802e-02, -3.87785101e+00,  1.05351844e+01,\n",
       "        -8.39749815e+00, -3.17738336e+00,  4.04004683e-01,\n",
       "         5.76249049e+00,  1.45552719e+01]])\n",
       "      jac: array([ 1.45426020e-06, -1.39418989e-06,  6.35161996e-07, -1.52178109e-06,\n",
       "        8.58213753e-07,  2.59792432e-06, -4.43309546e-07,  1.03190541e-06,\n",
       "       -8.35396349e-07,  8.91927630e-06, -6.84987754e-06,  1.30292028e-06,\n",
       "       -2.22492963e-06, -6.03962690e-06,  7.36489892e-06,  2.40188092e-06,\n",
       "       -2.58535147e-06,  9.36212018e-06,  4.48897481e-06, -6.97653741e-06])\n",
       "  message: 'Optimization terminated successfully.'\n",
       "     nfev: 6116\n",
       "      nit: 260\n",
       "     njev: 278\n",
       "   status: 0\n",
       "  success: True\n",
       "        x: array([ 4.00344521e+00, -2.10066951e+00,  1.20622722e+01,  5.70701484e+00,\n",
       "       -1.32115344e+01, -1.03472872e-01, -2.64971832e+00, -2.62091109e+00,\n",
       "       -5.17767376e-02,  1.55407714e-01,  1.00977001e+00, -6.75299366e-01,\n",
       "        9.09623632e-03, -6.22615047e-02,  3.02528908e-01, -1.28851812e+00,\n",
       "       -1.29635876e+00,  8.47438487e-01,  1.67038310e-01,  6.44873801e-01])"
      ]
     },
     "execution_count": 14,
     "metadata": {},
     "output_type": "execute_result"
    }
   ],
   "source": [
    "res=minimize(reg_tr_error,omega.flatten(), args=[X_train,Y_train])\n",
    "res"
   ]
  },
  {
   "cell_type": "code",
   "execution_count": 15,
   "metadata": {},
   "outputs": [
    {
     "name": "stdout",
     "output_type": "stream",
     "text": [
      "0.04876396551130595\n",
      "0.050855862048154954\n",
      "0.04796682847027177\n"
     ]
    }
   ],
   "source": [
    "print(reg_tr_error(res['x'].flatten(),[X_train,Y_train]))\n",
    "print(reg_tr_error(res['x'].flatten(),[X_validate,Y_validate]))\n",
    "print(reg_tr_error(res['x'].flatten(),[X_test,Y_test]))"
   ]
  },
  {
   "cell_type": "code",
   "execution_count": 16,
   "metadata": {},
   "outputs": [
    {
     "name": "stdout",
     "output_type": "stream",
     "text": [
      "0.050855862048154954\n",
      "0.04796682847027177\n"
     ]
    }
   ],
   "source": [
    "print(reg_tr_error(res['x'].flatten(),[X_validate,Y_validate]))\n",
    "print(reg_tr_error(res['x'].flatten(),[X_test,Y_test]))\n"
   ]
  },
  {
   "cell_type": "markdown",
   "metadata": {},
   "source": [
    "$$ E(\\omega,\\pi) = \\frac{1}{2P}\\sum_{p=1}^{P}(f(x^p)-y^p)^2+\\rho \\| \\omega\\|^2$$"
   ]
  },
  {
   "cell_type": "markdown",
   "metadata": {},
   "source": [
    "Hyperparameters:\n",
    "        \n",
    "    the number of neurons N of the hidden layer\n",
    "    the spread delta in the activation function g(t)\n",
    "    the regularization parameter rho"
   ]
  },
  {
   "cell_type": "markdown",
   "metadata": {},
   "source": [
    "## DRAFT VERSION OF THE \"\"HOMEMADE\"\" CROSS-VALIDATION METHOD"
   ]
  },
  {
   "cell_type": "code",
   "execution_count": 17,
   "metadata": {},
   "outputs": [],
   "source": [
    "# the .fit method part is sort of missing cause choosing different configuratuons is needed"
   ]
  },
  {
   "cell_type": "code",
   "execution_count": 18,
   "metadata": {},
   "outputs": [],
   "source": [
    "def mse(true,predicted):\n",
    "    return (np.sum(np.array(true-predicted)**2))/true.shape[0]\n",
    "\n",
    "K=5   # SO 4 folds for training 1-validation for testing; they switch every time\n",
    "cv_data=np.concatenate((data_train,data_validate))\n",
    "np.random.shuffle(cv_data)\n",
    "indices=np.arange(0,255,51)# [  0,  51, 102, 153, 204]\n",
    "folds=[]\n",
    "\n",
    "\n",
    "\n",
    "X=X_train\n",
    "W\n",
    "V\n",
    "bias\n",
    "true=Y_train\n",
    "\n",
    "ro=10**-5 #10-5 unti, 10-3\n",
    "sigma=1\n",
    "P=cv_data.shape[0]\n",
    "\n",
    "\n",
    "\n",
    "val_err_dict={}\n",
    "train_err_dict={}\n",
    "\n",
    "data=cv_data.copy()\n",
    "#CHOSEN OMEGA?\n",
    "\n",
    "omega=res['x']\n",
    "for i in range(len(indices)):\n",
    "    cv_data=data\n",
    "    if i<4:\n",
    "        l=[i for i in range(indices[i],indices[i+1])]\n",
    "        #(VALIDATION fold) for testing\n",
    "        validate_cv=cv_data[indices[i]:indices[i+1],:]\n",
    "        \n",
    "        #train folds together for training\n",
    "        df=pd.DataFrame(cv_data)\n",
    "        train_cv=df.drop(df.index[l])\n",
    "        \n",
    "        \n",
    "        \n",
    "        X_train = np.transpose(np.matrix(train_cv)[:,0:2])\n",
    "        Y_train = np.transpose(np.matrix(train_cv)[:,2:])\n",
    "        X_validate = np.transpose(validate_cv[:,0:2])\n",
    "        Y_validate = np.transpose(validate_cv[:,2:])\n",
    "\n",
    "        train_err_dict[i]=mse(Y_train,predict(omega.flatten(),X_train))\n",
    "        val_err_dict[i]=mse(Y_validate,predict(omega.flatten(),X_validate))\n",
    "        \n",
    "    #    reg_tr_error(omega.flatten(),X_test)\n",
    "    else:\n",
    "        #for the last element\n",
    "        l=list([i for i in range(indices[i],255)])\n",
    "        #(VALIDATION fold) for testing\n",
    "        validate_cv=cv_data[indices[i]:,:]\n",
    "        \n",
    "        #train folds together for training\n",
    "        df=pd.DataFrame(cv_data)\n",
    "        train_cv=df.drop(df.index[l])\n",
    "        \n",
    "        val_err_dict[i]=mse(Y_validate,predict(omega,X_validate))\n",
    "        train_err_dict[i]=mse(Y_train,predict(omega.flatten(),X_train))\n"
   ]
  },
  {
   "cell_type": "code",
   "execution_count": 19,
   "metadata": {},
   "outputs": [
    {
     "data": {
      "text/plain": [
       "4.905545763576734"
      ]
     },
     "execution_count": 19,
     "metadata": {},
     "output_type": "execute_result"
    }
   ],
   "source": [
    "#average rmse\n",
    "sum(val_err_dict.values())/len(val_err_dict)"
   ]
  },
  {
   "cell_type": "code",
   "execution_count": 20,
   "metadata": {},
   "outputs": [
    {
     "data": {
      "text/plain": [
       "18.147766491483342"
      ]
     },
     "execution_count": 20,
     "metadata": {},
     "output_type": "execute_result"
    }
   ],
   "source": [
    "#average rmse\n",
    "sum(train_err_dict.values())/len(train_err_dict)"
   ]
  },
  {
   "cell_type": "code",
   "execution_count": 21,
   "metadata": {},
   "outputs": [],
   "source": [
    "import matplotlib.pyplot as plt\n",
    "from mpl_toolkits.mplot3d import Axes3D\n",
    "\n",
    "def saddle(X):\n",
    "    omega=res['x']\n",
    "    \n",
    "\n",
    "    \n",
    "    V=omega.T[:N].reshape(1,N)\n",
    "    W=omega.T[N:N+2*N].reshape(N,2)\n",
    "    \n",
    "    bias=omega.T[N+2*N:].reshape(N,1)\n",
    "    \n",
    "    def tanh(t,sigma=1):\n",
    "        return (np.exp(2*sigma*t)-1)/(np.exp(2*sigma*t)+1)\n",
    "    def activation_f(W,X,bias):\n",
    "        \n",
    "        return tanh(W.dot(X)-bias,sigma)\n",
    "  \n",
    "    predicted_values=V.dot(activation_f(W,X,bias))\n",
    "    return predicted_values\n",
    "\n",
    "\n",
    "def plotting( title='Plotting of the function'): #if you do not provide a title, 'Plotting...' will be used\n",
    "\n",
    "    fig = plt.figure(figsize=(40,20))\n",
    "    ax = plt.axes(projection='3d')\n",
    "\n",
    "    sample=50 \n",
    " \n",
    "    X = X_train[0]\n",
    "    Y = X_train[1]\n",
    "    sample = X.shape[0]\n",
    " \n",
    "    sample=10\n",
    "    x = np.linspace(-1, 1, sample) #create 50 points between [-5,5] evenly spaced  \n",
    "\n",
    "    y = np.linspace(-2, 2, sample)\n",
    "\n",
    "    X, Y = np.meshgrid(x,y) #create the grid for the plot\n",
    "    XY=np.concatenate((x,y)).reshape(2,sample).T\n",
    "    \n",
    "     \n",
    "    Z = saddle(XY.T) #evaluate the function (note that X,Y,Z are matrix)\n",
    "    Z=predict(omega,XY.T)\n",
    "\n",
    "    xy = np.mgrid[-2:2.002:0.05, -1:1.002:0.05].reshape(2,-1).T\n",
    "    X = xy[:, 0].squeeze()\n",
    "    Y = xy[:, 1].squeeze()\n",
    "    \n",
    "    XY=np.concatenate((X,Y)).reshape(2,X.shape[0]).T\n",
    "\n",
    "    \n",
    "    Z = saddle(XY.T)\n",
    "    Z=Z.T.reshape(X.shape[0],)\n",
    "\n",
    "    ax = fig.gca(projection='3d')\n",
    "    surf = ax.plot_trisurf(X, Y, Z, linewidth=0.010, antialiased=True,cmap='viridis')\n",
    "#    fig.savefig('results_11_MLP')\n",
    "    plt.grid()\n",
    "    \n",
    "    return X.shape,Y.shape,Z.shape,X,Y,Z.T\n",
    " "
   ]
  },
  {
   "cell_type": "code",
   "execution_count": 22,
   "metadata": {},
   "outputs": [
    {
     "data": {
      "text/plain": [
       "((3321,),\n",
       " (3321,),\n",
       " (3321,),\n",
       " array([-2., -2., -2., ...,  2.,  2.,  2.]),\n",
       " array([-1.  , -0.95, -0.9 , ...,  0.9 ,  0.95,  1.  ]),\n",
       " array([3.80181617, 3.72521461, 3.64955626, ..., 3.83889937, 4.08150499,\n",
       "        4.32685122]))"
      ]
     },
     "execution_count": 22,
     "metadata": {},
     "output_type": "execute_result"
    },
    {
     "data": {
